 &plot nbnd=  22, nks=   113 /
            0.000000  0.000000  0.000000
  -8.368  -8.347  -7.281  -7.245   0.082   0.252   3.157   3.157   3.158   3.158
   3.566   4.139   4.234   4.234   4.236   4.236   5.448   5.827   8.467   8.467
   8.469   8.469
            0.025000  0.014434  0.000000
  -8.359  -8.339  -7.276  -7.240   0.092   0.261   3.136   3.136   3.166   3.167
   3.532   4.009   4.219   4.221   4.258   8.454   5.447   5.820   4.349   8.453
   8.485   8.487
            0.050000  0.028868  0.000000
  -8.334  -8.314  -7.260  -7.225   0.121   0.290   3.072   3.073   3.192   3.193
   3.442   3.832   4.175   4.176   4.308   4.481   5.441   5.798   8.408   8.419
   8.536   8.539
            0.075000  0.043301  0.000000
  -8.292  -8.272  -7.234  -7.200   0.169   0.337   2.972   2.973   3.236   3.237
   3.318   3.644   4.104   4.106   4.365   4.588   5.430   5.758   8.348   8.374
   8.406   8.487
            0.100000  0.057735  0.000000
  -8.234  -8.214  -7.198  -7.165   0.233   0.401   2.840   2.841   3.295   3.296
   3.174   3.452   4.012   4.015   4.408   4.661   5.409   5.699   8.288   8.337
   8.241   8.376
            0.125000  0.072169  0.000000
  -8.161  -8.141  -7.154  -7.121   0.312   0.478   2.685   2.687   3.370   3.371
   3.017   3.254   3.904   3.907   4.428   4.695   5.373   5.618   8.245   8.323
   8.074   8.265
            0.150000  0.086603  0.000000
  -8.073  -8.054  -7.100  -7.069   0.402   0.565   2.514   2.518   3.458   3.460
   2.851   3.053   3.785   3.788   4.419   4.688   5.318   5.513   8.230   8.166
   7.921   8.336
            0.175000  0.101036  0.000000
  -7.973  -7.954  -7.039  -7.009   0.496   0.655   2.337   2.344   3.558   3.560
   2.677   2.849   3.660   3.664   4.383   4.645   5.241   5.387   8.252   7.798
   8.087   8.247
            0.200000  0.115470  0.000000
  -7.860  -7.842  -6.971  -6.942   0.587   0.739   2.163   2.176   3.668   3.670
   2.497   2.642   3.533   3.537   4.323   4.573   5.142   5.245   7.714   8.035
   8.161   8.178
            0.225000  0.129904  0.000000
  -7.738  -7.720  -6.897  -6.870   0.664   0.803   2.002   2.026   3.784   3.787
   2.312   2.433   3.408   3.411   4.249   4.482   5.029   5.098   7.673   8.009
   8.082   8.098
            0.250000  0.144338  0.000000
  -7.607  -7.590  -6.819  -6.793   0.710   0.830   1.870   1.909   3.904   3.908
   2.123   2.224   3.286   3.290   4.167   4.382   4.910   4.959   7.672   8.008
   8.012   8.028
            0.275000  0.158771  0.000000
  -7.472  -7.455  -6.738  -6.714   0.710   0.805   1.777   1.836   4.024   4.029
   1.934   2.016   3.171   3.175   4.085   4.281   4.802   4.841   7.705   8.027
   7.956   7.971
            0.300000  0.173205  0.000000
  -7.334  -7.318  -6.657  -6.635   0.657   0.728   1.725   1.802   4.141   4.146
   1.746   1.814   3.064   3.068   4.008   4.185   4.716   4.755   7.766   8.065
   7.915   7.929
            0.325000  0.187639  0.000000
  -7.196  -7.182  -6.576  -6.556   0.561   0.614   1.703   1.790   4.250   4.257
   1.565   1.621   2.967   2.971   3.941   4.097   4.666   4.708   7.848   8.116
   7.889   7.902
            0.350000  0.202073  0.000000
  -7.063  -7.050  -6.499  -6.481   0.442   0.483   1.691   1.782   4.350   4.358
   1.395   1.442   2.881   2.885   3.885   4.020   4.655   4.701   7.945   8.176
   7.879   7.890
            0.375000  0.216506  0.000000
  -6.939  -6.927  -6.428  -6.412   0.317   0.351   1.679   1.768   4.437   4.446
   1.242   1.280   2.806   2.810   3.840   3.953   4.681   4.730   8.050   8.243
   7.883   7.892
            0.400000  0.230940  0.000000
  -6.829  -6.818  -6.365  -6.351   0.198   0.228   1.662   1.748   4.509   4.519
   1.108   1.140   2.744   2.749   3.806   3.898   4.735   4.782   8.158   8.312
   7.896   7.903
            0.425000  0.245374  0.000000
  -6.736  -6.727  -6.313  -6.301   0.095   0.123   1.642   1.724   4.565   4.576
   1.000   1.027   2.696   2.700   3.784   3.853   4.801   4.843   8.260   8.379
   7.914   7.920
            0.450000  0.259808  0.000000
  -6.666  -6.658  -6.273  -6.265   0.016   0.043   1.624   1.703   4.605   4.617
   0.920   0.943   2.661   2.665   3.771   3.819   4.866   4.898   8.346   8.435
   7.932   7.937
            0.475000  0.274241  0.000000
  -6.622  -6.616  -6.249  -6.241  -0.034  -0.008   1.611   1.689   4.629   4.641
   0.870   0.892   2.640   2.644   3.768   3.794   4.915   4.933   8.405   8.474
   7.945   7.950
            0.500000  0.288675  0.000000
  -6.607  -6.602  -6.241  -6.233  -0.051  -0.025   1.606   1.684   4.637   4.650
   0.854   0.874   2.633   2.637   3.770   3.783   4.935   4.943   8.426   8.488
   7.950   7.954
            0.484848  0.314918  0.000000
  -6.603  -6.597  -6.238  -6.230  -0.038  -0.012   1.610   1.688   4.532   4.543
   0.849   0.868   2.627   2.628   3.772   3.786   4.995   5.006   7.956   7.955
   8.430   8.494
            0.469696  0.341160  0.000000
  -6.591  -6.585  -6.228  -6.222   0.000   0.026   1.623   1.699   4.311   4.323
   0.833   0.849   2.610   2.604   3.776   3.795   5.087   5.101   7.967   7.954
   8.447   8.516
            0.454545  0.367403  0.000000
  -6.571  -6.566  -6.214  -6.207   0.063   0.088   1.643   1.717   4.036   4.050
   0.807   0.818   2.590   2.574   3.777   3.802   5.164   5.182   7.965   7.940
   8.489   8.558
            0.439393  0.393646  0.000000
  -6.546  -6.541  -6.194  -6.188   0.150   0.174   1.669   1.740   3.726   3.743
   0.769   0.774   2.574   2.546   3.771   3.802   5.228   5.248   7.935   7.905
   8.564   8.625
            0.424241  0.419888  0.000000
  -6.515  -6.510  -6.171  -6.165   0.259   0.282   1.698   1.765   3.396   3.415
   0.720   0.720   2.567   2.530   3.754   3.789   5.287   5.309   7.872   7.843
   8.670   8.715
            0.409089  0.446131  0.000000
  -6.482  -6.477  -6.146  -6.141   0.390   0.411   1.727   1.789   3.059   3.081
   0.664   0.659   2.574   2.529   3.723   3.760   5.349   5.372   7.781   7.758
   8.797   8.821
            0.393937  0.472374  0.000000
  -6.448  -6.443  -6.120  -6.116   0.540   0.560   1.751   1.806   2.730   2.754
   0.605   0.596   2.593   2.546   3.680   3.717   5.417   5.440   7.673   7.656
   8.931   8.925
            0.378785  0.498616  0.000000
  -6.415  -6.411  -6.096  -6.092   0.706   0.723   1.759   1.802   2.432   2.455
   0.548   0.537   2.622   2.577   3.630   3.663   5.491   5.513   7.559   7.548
   8.812   8.996
            0.363634  0.524859  0.000000
  -6.388  -6.385  -6.077  -6.074   0.885   0.898   1.721   1.743   2.210   2.224
   0.500   0.488   2.653   2.616   3.579   3.605   5.563   5.585   7.454   7.447
   8.737   8.929
            0.348482  0.551102  0.000000
  -6.369  -6.368  -6.063  -6.062   1.062   1.068   1.608   1.601   2.108   2.109
   0.468   0.454   2.675   2.654   3.542   3.557   5.620   5.640   7.376   7.373
   8.695   8.893
            0.333330  0.577344  0.000000
  -6.361  -6.361  -6.058  -6.058   1.165   1.165   1.516   1.494   2.086   2.086
   0.456   0.442   2.676   2.676   3.532   3.532   5.642   5.663   7.346   7.346
   8.683   8.882
            0.318837  0.552243  0.000000
  -6.369  -6.368  -6.063  -6.062   1.070   1.080   1.610   1.598   2.093   2.102
   0.468   0.455   2.653   2.675   3.543   3.557   5.619   5.640   7.372   7.376
   8.692   8.889
            0.304345  0.527141  0.000000
  -6.393  -6.390  -6.079  -6.076   0.920   0.937   1.780   1.783   2.114   2.140
   0.506   0.493   2.608   2.649   3.591   3.614   5.554   5.574   7.445   7.457
   8.712   8.907
            0.289852  0.502039  0.000000
  -6.435  -6.431  -6.106  -6.101   0.787   0.808   1.937   1.955   2.168   2.214
   0.572   0.559   2.550   2.607   3.671   3.696   5.458   5.477   7.547   7.575
   8.736   8.927
            0.275360  0.476937  0.000000
  -6.496  -6.489  -6.145  -6.138   0.688   0.712   2.031   2.037   2.315   2.356
   0.666   0.653   2.489   2.557   3.774   3.795   5.347   5.363   7.651   7.706
   8.753   8.794
            0.260867  0.451835  0.000000
  -6.575  -6.567  -6.195  -6.186   0.624   0.651   2.067   2.052   2.521   2.548
   0.789   0.776   2.434   2.511   3.889   3.902   5.234   5.246   7.729   7.828
   8.620   8.713
            0.246374  0.426733  0.000000
  -6.671  -6.661  -6.254  -6.243   0.595   0.625   2.074   2.041   2.740   2.757
   0.939   0.926   2.389   2.474   4.012   4.012   5.129   5.138   7.755   7.921
   8.470   8.529
            0.231882  0.401631  0.000000
  -6.782  -6.771  -6.322  -6.308   0.598   0.633   2.060   2.013   2.957   2.967
   1.114   1.101   2.360   2.452   4.120   4.136   5.038   5.043   7.717   7.956
   8.364   8.380
            0.217389  0.376529  0.000000
  -6.906  -6.894  -6.397  -6.380   0.628   0.668   2.029   1.971   3.166   3.170
   1.312   1.297   2.351   2.448   4.221   4.256   4.965   4.967   7.635   7.913
   8.292   8.301
            0.202897  0.351427  0.000000
  -7.040  -7.026  -6.476  -6.458   0.675   0.724   1.986   1.921   3.357   3.358
   1.528   1.510   2.365   2.465   4.314   4.370   4.910   4.911   7.549   7.827
   8.233   8.272
            0.188404  0.326325  0.000000
  -7.179  -7.164  -6.560  -6.540   0.727   0.790   1.940   1.876   3.521   3.521
   1.756   1.732   2.406   2.508   4.394   4.475   4.875   4.878   7.485   7.753
   8.177   8.255
            0.173911  0.301223  0.000000
  -7.321  -7.305  -6.645  -6.623   0.768   0.849   1.907   1.851   3.645   3.645
   1.989   1.951   2.482   2.579   4.460   4.568   4.868   4.877   7.458   7.717
   8.127   8.235
            0.159419  0.276121  0.000000
  -7.462  -7.446  -6.731  -6.706   0.779   0.883   1.907   1.865   3.714   3.715
   2.214   2.151   2.606   2.688   4.511   4.646   4.897   4.917   7.468   7.724
   8.091   8.216
            0.144926  0.251019  0.000000
  -7.600  -7.583  -6.813  -6.788   0.751   0.877   1.956   1.930   3.724   3.726
   2.419   2.319   2.783   2.840   4.546   4.710   4.964   5.001   7.510   7.771
   8.079   8.203
            0.130433  0.225917  0.000000
  -7.732  -7.714  -6.893  -6.865   0.687   0.830   2.055   2.041   3.687   3.688
   2.599   2.464   2.997   3.032   4.565   4.756   5.056   5.120   7.578   7.848
   8.098   8.164
            0.115941  0.200815  0.000000
  -7.856  -7.838  -6.968  -6.939   0.600   0.753   2.192   2.185   3.618   3.620
   2.765   2.602   3.224   3.246   4.568   4.785   5.155   5.255   7.668   7.943
   8.149   8.139
            0.101448  0.175714  0.000000
  -7.969  -7.951  -7.037  -7.007   0.503   0.663   2.352   2.349   3.535   3.536
   2.931   2.741   3.446   3.461   4.556   4.794   5.246   5.391   7.781   8.046
   8.226   8.138
            0.086956  0.150612  0.000000
  -8.071  -8.052  -7.099  -7.067   0.406   0.569   2.521   2.519   3.448   3.449
   3.101   2.885   3.651   3.661   4.529   4.781   5.320   5.514   7.917   8.153
   8.162   8.258
            0.072463  0.125510  0.000000
  -8.159  -8.140  -7.153  -7.120   0.315   0.481   2.687   2.686   3.366   3.367
   3.278   3.032   3.830   3.836   4.489   4.745   5.373   5.617   8.074   8.264
   8.209   8.279
            0.057970  0.100408  0.000000
  -8.233  -8.213  -7.198  -7.165   0.235   0.402   2.840   2.840   3.295   3.295
   3.461   3.178   3.978   3.982   4.437   4.683   5.409   5.699   8.241   8.378
   8.272   8.318
            0.043478  0.075306  0.000000
  -8.292  -8.272  -7.234  -7.200   0.170   0.338   2.971   2.972   3.236   3.237
   3.646   3.318   4.092   4.094   4.375   4.596   5.430   5.758   8.405   8.487
   8.342   8.368
            0.028985  0.050204  0.000000
  -8.334  -8.314  -7.260  -7.225   0.121   0.291   3.072   3.072   3.193   3.193
   3.831   3.441   4.172   4.174   4.311   4.484   5.441   5.797   8.407   8.418
   8.538   8.540
            0.014493  0.025102  0.000000
  -8.359  -8.339  -7.276  -7.240   0.092   0.261   3.136   3.136   3.166   3.167
   4.009   3.532   4.219   4.221   4.258   4.350   5.447   5.820   8.452   8.454
   8.485   8.487
            0.000000  0.000000  0.000000
  -8.368  -8.347  -7.281  -7.245   0.082   0.252   3.157   3.158   3.157   3.158
   4.139   3.566   4.234   4.234   4.236   4.236   5.448   5.827   8.467   8.467
   8.469   8.469
            0.000000  0.000000  0.026802
  -8.367  -8.348  -7.280  -7.246   0.088   0.245   3.157   3.158   3.157   3.158
   4.112   3.585   4.234   4.234   4.236   4.236   5.468   5.816   8.467   8.467
   8.469   8.469
            0.000000  0.000000  0.053604
  -8.364  -8.351  -7.276  -7.250   0.105   0.225   3.157   3.158   3.157   3.158
   4.039   3.639   4.234   4.235   4.236   4.236   5.522   5.784   8.467   8.467
   8.469   8.469
            0.000000  0.000000  0.080406
  -8.361  -8.354  -7.271  -7.256   0.132   0.196   3.158   3.158   3.158   3.158
   3.937   3.723   4.235   4.235   4.235   4.235   5.593   5.733   8.468   8.468
   8.468   8.468
            0.000000  0.000000  0.107209
  -8.358  -8.358  -7.263  -7.263   0.164   0.164   3.158   3.158   3.158   3.158
   3.827   3.827   4.235   4.235   4.235   4.235   5.667   5.667   8.468   8.468
   8.468   8.468
            0.025000  0.014434  0.107209
  -8.349  -8.349  -7.258  -7.258   0.173   0.173   3.136   3.136   3.166   3.166
   3.771   3.771   4.220   4.220   4.277   4.277   5.663   5.663   8.453   8.453
   8.486   8.486
            0.050000  0.028868  0.107209
  -8.324  -8.324  -7.243  -7.243   0.202   0.202   3.073   3.073   3.193   3.193
   3.645   3.645   4.175   4.175   4.361   4.361   5.649   5.649   8.413   8.413
   8.537   8.537
            0.075000  0.043301  0.107209
  -8.282  -8.282  -7.217  -7.217   0.250   0.250   2.972   2.972   3.236   3.236
   3.490   3.490   4.105   4.105   4.442   4.442   5.623   5.623   8.355   8.355
   8.453   8.453
            0.100000  0.057735  0.107209
  -8.224  -8.224  -7.182  -7.182   0.314   0.314   2.840   2.840   3.296   3.296
   3.321   3.321   4.013   4.013   4.502   4.502   5.582   5.582   8.271   8.271
   8.352   8.352
            0.125000  0.072169  0.107209
  -8.152  -8.152  -7.138  -7.138   0.392   0.392   2.686   2.686   3.371   3.371
   3.143   3.143   3.906   3.906   4.532   4.532   5.520   5.520   8.145   8.145
   8.310   8.310
            0.150000  0.086603  0.107209
  -8.064  -8.064  -7.085  -7.085   0.480   0.480   2.516   2.516   3.459   3.459
   2.959   2.959   3.787   3.787   4.529   4.529   5.436   5.436   8.021   8.021
   8.311   8.311
            0.175000  0.101036  0.107209
  -7.964  -7.964  -7.024  -7.024   0.572   0.572   2.340   2.340   3.559   3.559
   2.770   2.770   3.662   3.662   4.494   4.494   5.330   5.330   7.921   7.921
   8.255   8.255
            0.200000  0.115470  0.107209
  -7.852  -7.852  -6.957  -6.957   0.660   0.660   2.168   2.168   3.535   3.535
   2.576   2.576   3.669   3.669   4.433   4.433   5.205   5.205   7.853   7.853
   8.169   8.169
            0.225000  0.129904  0.107209
  -7.729  -7.729  -6.884  -6.884   0.731   0.731   2.011   2.011   3.409   3.409
   2.379   2.379   3.786   3.786   4.355   4.355   5.071   5.071   7.821   7.821
   8.090   8.090
            0.250000  0.144338  0.107209
  -7.599  -7.599  -6.806  -6.806   0.768   0.768   1.884   1.884   3.288   3.288
   2.181   2.181   3.906   3.906   4.267   4.267   4.940   4.940   7.821   7.821
   8.020   8.020
            0.275000  0.158771  0.107209
  -7.464  -7.464  -6.726  -6.726   0.756   0.756   1.797   1.797   3.173   3.173
   1.986   1.986   4.026   4.026   4.178   4.178   4.825   4.825   7.850   7.850
   7.964   7.964
            0.300000  0.173205  0.107209
  -7.326  -7.326  -6.645  -6.645   0.692   0.692   1.731   1.731   3.066   3.066
   1.814   1.814   4.143   4.143   4.093   4.093   4.738   4.738   7.901   7.901
   7.922   7.922
            0.325000  0.187639  0.107209
  -7.189  -7.189  -6.566  -6.566   0.588   0.588   1.585   1.585   2.969   2.969
   1.755   1.755   4.254   4.254   4.016   4.016   4.689   4.689   7.970   7.970
   7.896   7.896
            0.350000  0.202073  0.107209
  -7.057  -7.057  -6.490  -6.490   0.463   0.463   1.415   1.415   2.883   2.883
   1.740   1.740   4.354   4.354   3.950   3.950   4.680   4.680   8.052   8.052
   7.885   7.885
            0.375000  0.216506  0.107209
  -6.933  -6.933  -6.420  -6.420   0.334   0.334   1.259   1.259   2.808   2.808
   1.725   1.725   4.441   4.441   3.894   3.894   4.707   4.707   8.140   8.140
   7.887   7.887
            0.400000  0.230940  0.107209
  -6.823  -6.823  -6.358  -6.358   0.213   0.213   1.123   1.123   2.747   2.747
   1.706   1.706   4.514   4.514   3.851   3.851   4.760   4.760   8.231   8.231
   7.900   7.900
            0.425000  0.245374  0.107209
  -6.731  -6.731  -6.307  -6.307   0.109   0.109   1.012   1.012   2.698   2.698
   1.684   1.684   4.571   4.571   3.817   3.817   4.823   4.823   8.317   8.317
   7.917   7.917
            0.450000  0.259808  0.107209
  -6.662  -6.662  -6.269  -6.269   0.029   0.029   0.930   0.930   2.663   2.663
   1.664   1.664   4.611   4.611   3.794   3.794   4.882   4.882   8.390   8.390
   7.935   7.935
            0.475000  0.274241  0.107209
  -6.619  -6.619  -6.246  -6.246  -0.021  -0.021   0.880   0.880   2.642   2.642
   1.651   1.651   4.635   4.635   3.781   3.781   4.924   4.924   8.439   8.440
   7.947   7.947
            0.500000  0.288675  0.107209
  -6.604  -6.604  -6.237  -6.237  -0.038  -0.038   0.863   0.863   2.635   2.635
   1.646   1.646   4.643   4.643   3.776   3.776   4.939   4.939   8.457   8.457
   7.952   7.952
            0.484848  0.314918  0.107209
  -6.600  -6.600  -6.234  -6.234  -0.025  -0.025   0.858   0.858   1.650   1.650
   2.627   2.627   4.537   4.537   3.779   3.779   5.001   5.001   7.955   7.955
   8.463   8.463
            0.469696  0.341160  0.107209
  -6.588  -6.588  -6.225  -6.225   0.013   0.013   0.841   0.841   1.662   1.662
   2.608   2.608   4.317   4.317   3.785   3.785   5.094   5.094   7.960   7.960
   8.482   8.482
            0.454545  0.367403  0.107209
  -6.569  -6.569  -6.210  -6.210   0.075   0.075   0.812   0.812   1.680   1.680
   2.583   2.583   4.043   4.043   3.789   3.789   5.173   5.173   7.953   7.953
   8.523   8.523
            0.439393  0.393646  0.107209
  -6.543  -6.543  -6.191  -6.191   0.162   0.162   0.771   0.771   1.704   1.704
   2.561   2.561   3.734   3.734   3.786   3.786   5.238   5.238   7.920   7.920
   8.594   8.594
            0.424241  0.419888  0.107209
  -6.513  -6.513  -6.168  -6.168   0.270   0.270   0.720   0.720   1.731   1.731
   2.550   2.550   3.406   3.406   3.770   3.770   5.298   5.298   7.858   7.858
   8.691   8.691
            0.409089  0.446131  0.107209
  -6.480  -6.480  -6.143  -6.143   0.400   0.400   0.662   0.662   1.757   1.757
   2.553   2.553   3.070   3.070   3.741   3.741   5.361   5.361   7.770   7.770
   8.805   8.805
            0.393937  0.472374  0.107209
  -6.446  -6.446  -6.118  -6.118   0.549   0.549   0.601   0.601   1.777   1.777
   2.570   2.570   2.744   2.744   3.697   3.697   5.429   5.429   7.665   7.665
   8.919   8.919
            0.378785  0.498616  0.107209
  -6.414  -6.414  -6.095  -6.095   0.542   0.542   0.715   0.715   1.779   1.779
   2.440   2.440   2.606   2.606   3.645   3.645   5.502   5.502   7.553   7.553
   8.895   8.895
            0.363634  0.524859  0.107209
  -6.387  -6.387  -6.076  -6.076   0.494   0.494   0.892   0.892   1.731   1.731
   2.214   2.214   2.639   2.639   3.590   3.590   5.574   5.574   7.450   7.450
   8.828   8.828
            0.348482  0.551102  0.107209
  -6.368  -6.368  -6.062  -6.062   0.461   0.461   1.065   1.065   1.604   1.604
   2.105   2.105   2.669   2.669   3.547   3.547   5.630   5.630   7.375   7.375
   8.790   8.790
            0.333330  0.577344  0.107209
  -6.362  -6.362  -6.057  -6.057   0.449   0.449   1.166   1.166   1.505   1.505
   2.083   2.083   2.681   2.681   3.530   3.530   5.652   5.652   7.346   7.346
   8.779   8.779
            0.318837  0.552243  0.107209
  -6.369  -6.369  -6.063  -6.063   0.461   0.461   1.076   1.076   1.604   1.604
   2.094   2.094   2.669   2.669   3.548   3.548   5.630   5.630   7.374   7.374
   8.787   8.787
            0.304345  0.527141  0.107209
  -6.392  -6.392  -6.078  -6.078   0.499   0.499   0.928   0.928   1.782   1.782
   2.123   2.123   2.633   2.633   3.601   3.601   5.564   5.564   7.451   7.451
   8.804   8.804
            0.289852  0.502039  0.107209
  -6.433  -6.433  -6.104  -6.104   0.565   0.565   0.798   0.798   1.945   1.945
   2.188   2.188   2.583   2.583   3.682   3.682   5.467   5.467   7.561   7.561
   8.819   8.819
            0.275360  0.476937  0.107209
  -6.492  -6.492  -6.142  -6.142   0.659   0.659   0.701   0.701   2.032   2.032
   2.332   2.332   2.529   2.529   3.783   3.783   5.355   5.355   7.679   7.679
   8.790   8.790
            0.260867  0.451835  0.107209
  -6.570  -6.570  -6.190  -6.190   0.637   0.637   0.783   0.783   2.057   2.057
   2.472   2.472   2.539   2.539   3.894   3.894   5.240   5.240   7.779   7.779
   8.646   8.646
            0.246374  0.426733  0.107209
  -6.666  -6.666  -6.248  -6.248   0.610   0.610   0.933   0.933   2.053   2.053
   2.436   2.436   2.749   2.749   4.011   4.011   5.133   5.133   7.836   7.836
   8.488   8.488
            0.231882  0.401631  0.107209
  -6.777  -6.777  -6.315  -6.315   0.615   0.615   1.108   1.108   2.031   2.031
   2.412   2.412   2.962   2.962   4.126   4.126   5.041   5.041   7.827   7.827
   8.369   8.369
            0.217389  0.376529  0.107209
  -6.900  -6.900  -6.388  -6.388   0.648   0.648   1.305   1.305   1.995   1.995
   2.406   2.406   3.168   3.168   4.237   4.237   4.966   4.966   7.761   7.761
   8.296   8.296
            0.202897  0.351427  0.107209
  -7.033  -7.033  -6.468  -6.468   0.699   0.699   1.519   1.519   1.949   1.949
   2.421   2.421   3.357   3.357   4.340   4.340   4.910   4.910   7.678   7.678
   8.247   8.247
            0.188404  0.326325  0.107209
  -7.172  -7.172  -6.550  -6.550   0.758   0.758   1.742   1.742   1.906   1.906
   2.461   2.461   3.521   3.521   4.432   4.432   4.877   4.877   7.612   7.612
   8.202   8.202
            0.173911  0.301223  0.107209
  -7.313  -7.313  -6.635  -6.635   0.808   0.808   1.868   1.868   1.979   1.979
   2.534   2.534   3.645   3.645   4.511   4.511   4.873   4.873   7.583   7.583
   8.159   8.159
            0.159419  0.276121  0.107209
  -7.454  -7.454  -6.718  -6.718   0.830   0.830   1.881   1.881   2.190   2.190
   2.648   2.648   3.714   3.714   4.573   4.573   4.910   4.910   7.593   7.593
   8.125   8.125
            0.144926  0.251019  0.107209
  -7.592  -7.592  -6.801  -6.801   0.811   0.811   1.939   1.939   2.377   2.377
   2.810   2.810   3.725   3.725   4.619   4.619   4.988   4.988   7.638   7.638
   8.108   8.108
            0.130433  0.225917  0.107209
  -7.724  -7.724  -6.879  -6.879   0.755   0.755   2.046   2.046   2.539   2.539
   3.013   3.013   3.687   3.687   4.648   4.648   5.097   5.097   7.707   7.707
   8.118   8.118
            0.115941  0.200815  0.107209
  -7.847  -7.847  -6.954  -6.954   0.673   0.673   2.188   2.188   2.691   2.691
   3.234   3.234   3.619   3.619   4.659   4.659   5.218   5.218   7.794   7.794
   8.156   8.156
            0.101448  0.175714  0.107209
  -7.960  -7.960  -7.022  -7.022   0.579   0.579   2.350   2.350   2.843   2.843
   3.453   3.453   3.535   3.535   4.654   4.654   5.336   5.336   7.895   7.895
   8.206   8.206
            0.086956  0.150612  0.107209
  -8.062  -8.062  -7.083  -7.083   0.484   0.484   2.519   2.519   3.000   3.000
   3.449   3.449   3.656   3.656   4.630   4.630   5.439   5.439   8.011   8.011
   8.236   8.236
            0.072463  0.125510  0.107209
  -8.150  -8.150  -7.137  -7.137   0.394   0.394   2.686   2.686   3.162   3.162
   3.367   3.367   3.833   3.833   4.588   4.588   5.521   5.521   8.139   8.139
   8.275   8.275
            0.057970  0.100408  0.107209
  -8.223  -8.223  -7.181  -7.181   0.315   0.315   2.840   2.840   3.295   3.295
   3.327   3.327   3.980   3.980   4.528   4.528   5.581   5.581   8.263   8.263
   8.343   8.343
            0.043478  0.075306  0.107209
  -8.281  -8.281  -7.217  -7.217   0.251   0.251   2.971   2.971   3.236   3.236
   3.491   3.491   4.093   4.093   4.452   4.452   5.623   5.623   8.350   8.350
   8.452   8.452
            0.028985  0.050204  0.107209
  -8.324  -8.324  -7.243  -7.243   0.203   0.203   3.072   3.072   3.193   3.193
   3.644   3.644   4.173   4.173   4.363   4.363   5.649   5.649   8.411   8.411
   8.539   8.539
            0.014493  0.025102  0.107209
  -8.349  -8.349  -7.258  -7.258   0.173   0.173   3.136   3.136   3.166   3.166
   3.771   3.771   4.220   4.220   4.277   4.277   5.663   5.663   8.453   8.453
   8.486   8.486
            0.000000  0.000000  0.107209
  -8.358  -8.358  -7.263  -7.263   0.164   0.164   3.158   3.158   3.158   3.158
   3.827   3.827   4.235   4.235   4.235   4.235   5.667   5.667   8.468   8.468
   8.468   8.468
