    2    6   18
 95.940 32.066
    1    1  1.0000  0.0000  0.0000
-20.091515   0.002471  -0.000007
  0.002630  -0.000125   0.000011
 10.053566  -0.001116  -0.005576
 -0.009092   0.000013   0.000275
 10.053498  -0.001252   0.005567
 -0.009086   0.000009  -0.000268
    1    2  0.0000  1.0000  0.0000
 -0.002401 -20.086865  -0.000066
  0.000109   0.001047   0.000014
  0.000990  10.053202   0.007530
  0.000088  -0.010386   0.000292
  0.001120  10.053396  -0.007468
  0.000094  -0.010393  -0.000302
    1    3  0.0000  0.0000  1.0000
  0.000113   0.000005 -30.101240
  0.000017  -0.000052   0.026068
 -0.000328   0.000172  15.048463
 -0.000092   0.000155  -0.010363
  0.000171  -0.000056  15.047116
  0.000119  -0.000223  -0.010043
    2    1  1.0000  0.0000  0.0000
  0.004228   0.000125   0.000098
-20.099758  -0.002613  -0.000055
 -0.007197  -0.000007   0.000382
 10.054969   0.001291  -0.005579
 -0.007192  -0.000008  -0.000252
 10.054950   0.001212   0.005406
    2    2  0.0000  1.0000  0.0000
 -0.000138  -0.003503  -0.000167
  0.002291 -20.074003   0.000258
 -0.000116  -0.015084  -0.000617
 -0.000880  10.053687   0.007289
 -0.000114  -0.015087   0.000453
 -0.001043  10.053990  -0.007215
    2    3  0.0000  0.0000  1.0000
  0.000005  -0.000000   0.028059
  0.000028   0.000011 -30.110448
 -0.000100   0.000178  -0.008409
 -0.000139  -0.000026  15.050058
  0.000109  -0.000194  -0.008222
  0.000096   0.000030  15.048963
    3    1  1.0000  0.0000  0.0000
 10.059630  -0.000956  -0.000138
  0.009799  -0.000021   0.000010
 -9.676849   0.000370  -0.000137
  0.016572  -0.000082   0.000054
 -0.422253   0.000775   0.000241
  0.013101  -0.000086  -0.000031
    3    2  0.0000  1.0000  0.0000
  0.000987  10.062206   0.000168
 -0.000041   0.012104  -0.000299
 -0.000120  -9.687790  -0.001775
  0.000000   0.018836   0.000120
 -0.000773  -0.420609   0.002399
 -0.000054   0.015253  -0.000613
    3    3  0.0000  0.0000  1.0000
  0.000132  -0.000447  15.080920
 -0.000159   0.000228  -0.019746
  0.000479  -0.000257 -17.136481
 -0.000119   0.000202   0.053445
 -0.000109  -0.000050   2.008987
 -0.000224   0.000323   0.012874
    4    1  1.0000  0.0000  0.0000
  0.010376   0.000012   0.000174
 10.060470   0.000981   0.000016
  0.017085   0.000073   0.000094
 -9.679677  -0.000400  -0.000199
  0.013489   0.000094   0.000165
 -0.421744  -0.000760  -0.000250
    4    2  0.0000  1.0000  0.0000
  0.000054   0.011032  -0.000290
 -0.001020  10.061024   0.000824
  0.000016   0.017812  -0.000615
  0.000067  -9.682879   0.000857
  0.000067   0.014357   0.000160
  0.000817  -0.421346  -0.000937
    4    3  0.0000  0.0000  1.0000
 -0.000067   0.000185  -0.019238
  0.000296  -0.000472  15.081617
 -0.000057   0.000198   0.053981
 -0.000060   0.000050 -17.139182
 -0.000135   0.000322   0.013353
  0.000023  -0.000283   2.009468
    5    1  1.0000  0.0000  0.0000
 10.059345  -0.000928   0.000178
  0.009562   0.000041  -0.000153
 -0.422462   0.000805   0.000023
  0.012871  -0.000031  -0.000085
 -9.675648   0.000133   0.000186
  0.016332  -0.000020  -0.000150
    5    2  0.0000  1.0000  0.0000
  0.001006  10.064776  -0.000075
 -0.000030   0.014483   0.000224
 -0.000733  -0.418582  -0.003702
 -0.000047   0.017624   0.000612
 -0.000201  -9.699520   0.003169
  0.000005   0.021219  -0.000228
    5    3  0.0000  0.0000  1.0000
 -0.000082   0.000420  15.080486
  0.000121  -0.000268  -0.019804
 -0.000103   0.000241   2.008585
  0.000169  -0.000363   0.012836
 -0.000206   0.000177 -17.135451
  0.000101  -0.000207   0.053349
    6    1  1.0000  0.0000  0.0000
  0.010403  -0.000070  -0.000155
 10.060444   0.000995   0.000070
  0.013509   0.000011  -0.000148
 -0.421608  -0.000815   0.000195
  0.017105  -0.000012  -0.000077
 -9.679852  -0.000110   0.000115
    6    2  0.0000  1.0000  0.0000
  0.000041   0.012164   0.000257
 -0.000940  10.062278  -0.000918
  0.000055   0.015463  -0.000213
  0.000789  -0.420392   0.002167
  0.000002   0.018928   0.000653
  0.000052  -9.688441  -0.001945
    6    3  0.0000  0.0000  1.0000
  0.000063  -0.000217  -0.018998
 -0.000293   0.000524  15.081533
  0.000127  -0.000368   0.013649
  0.000079   0.000043   2.009470
  0.000042  -0.000217   0.054192
 -0.000018   0.000235 -17.139846
