        _
  _ __ | |__   ___  _ __   ___   _ __  _   _
 | '_ \| '_ \ / _ \| '_ \ / _ \ | '_ \| | | |
 | |_) | | | | (_) | | | | (_) || |_) | |_| |
 | .__/|_| |_|\___/|_| |_|\___(_) .__/ \__, |
 |_|                            |_|    |___/
                                     1.11.12

Force constants are read from FORCE_CONSTANTS.
Python version 3.6.0
Spglib version 1.9.9
Mesh sampling mode
Settings:
  Sampling mesh: [64 64  1]
  Supercell: [1 1 1]
Spacegroup: P6_3/mmc (194)
Number of irreducible q-points on sampling mesh: 363/4096
Calculating phonons on sampling mesh...
Calculating thermal properties...
#      T [K]      F [kJ/mol]    S [J/K/mol]  C_v [J/K/mol]     E [kJ/mol]
       0.000      30.9462554      0.0000000      0.0000000     30.9462554
      10.000      30.9459925      0.0984741      0.2609034     30.9469772
      20.000      30.9430357      0.5607391      1.3357417     30.9542505
      30.000      30.9333695      1.4467362      3.3422387     30.9767716
      40.000      30.9124973      2.8147398      6.5450779     31.0250868
      50.000      30.8751960      4.7455442     11.1785363     31.1124732
      60.000      30.8155073      7.2982418     17.2258003     31.2534018
      70.000      30.7271259     10.4807240     24.4048936     31.4607766
      80.000      30.6039350     14.2493884     32.3001935     31.7438860
      90.000      30.4404437     18.5258972     40.4964059     32.1077744
     100.000      30.2320372     23.2163525     48.6534446     32.5536724
     110.000      29.9750542     28.2258044     56.5283162     33.0798927
     120.000      29.6667503     33.4669009     63.9674286     33.6827784
     130.000      29.3051979     38.8639107     70.8877224     34.3575063
     140.000      28.8891639     44.3537676     77.2566836     35.0986914
     150.000      28.4179843     49.8854622     83.0754146     35.9008036
     160.000      27.8914506     55.4186662     88.3657940     36.7584372
     170.000      27.3097110     60.9221095     93.1613843     37.6664696
     180.000      26.6731877     66.3719901     97.5013142     38.6201459
     190.000      25.9825095     71.7505449    101.4263474     39.6151130
     200.000      25.2384581     77.0448265    104.9764766     40.6474234
     210.000      24.4419247     82.2456888    108.1895467     41.7135193
     220.000      23.5938765     87.3469603    111.1005499     42.8102078
     230.000      22.6953305     92.3447804    113.7413453     43.9346300
     240.000      21.7473328     97.2370716    116.1406393     45.0842300
     250.000      20.7509433    102.0231215    118.3241150     46.2567237
     260.000      19.7072236    106.7032535    120.3146433     47.4500695
     270.000      18.6172277    111.2785690    122.1325293     48.6624414
     280.000      17.4819960    115.7507456    123.7957678     49.8922048
     290.000      16.3025496    120.1218789    125.3202923     51.1378945
     300.000      15.0798873    124.3943605    126.7202084     52.3981954
     310.000      13.8149827    128.5707822    128.0080073     53.6719251
     320.000      12.5087828    132.6538628    129.1947582     54.9580189
     330.000      11.1622072    136.6463912    130.2902801     56.2555163
     340.000       9.7761474    140.5511828    131.3032933     57.5635496
     350.000       8.3514667    144.3710470    132.2415529     58.8813331
     360.000       6.8890003    148.1087618    133.1119661     60.2081546
     370.000       5.3895562    151.7670560    133.9206941     61.5433669
     380.000       3.8539150    155.3485953    134.6732423     62.8863812
     390.000       2.2828315    158.8559730    135.3745375     64.2366609
     400.000       0.6770344    162.2917038    136.0289967     65.5937159
     410.000      -0.9627719    165.6582193    136.6405863     66.9570980
     420.000      -2.6359071    168.9578662    137.2128742     68.3263967
     430.000      -4.3417139    172.1929050    137.7490752     69.7012352
     440.000      -6.0795571    175.3655107    138.2520906     71.0812676
     450.000      -7.8488230    178.4777737    138.7245432     72.4661752
     460.000      -9.6489181    181.5317015    139.1688080     73.8556645
     470.000     -11.4792690    184.5292204    139.5870388     75.2494646
     480.000     -13.3393207    187.4721787    139.9811919     76.6473251
     490.000     -15.2285366    190.3623484    140.3530471     78.0490141
     500.000     -17.1463974    193.2014289    140.7042258     79.4543171
     510.000     -19.0924003    195.9910490    141.0362074     80.8630347
     520.000     -21.0660587    198.7327701    141.3503436     82.2749818
     530.000     -23.0669010    201.4280892    141.6478714     83.6899862
     540.000     -25.0944706    204.0784412    141.9299239     85.1078876
     550.000     -27.1483246    206.6852021    142.1975408     86.5285366
     560.000     -29.2280337    209.2496915    142.4516772     87.9517935
     570.000     -31.3331817    211.7731752    142.6932117     89.3775281
     580.000     -33.4633646    214.2568673    142.9229533     90.8056185
     590.000     -35.6181903    216.7019334    143.1416481     92.2359504
     600.000     -37.7972783    219.1094919    143.3499847     93.6684169
     610.000     -40.0002587    221.4806170    143.5485998     95.1029177
     620.000     -42.2267726    223.8163404    143.7380821     96.5393584
     630.000     -44.4764708    226.1176532    143.9189772     97.9776507
     640.000     -46.7490141    228.3855081    144.0917910     99.4177111
     650.000     -49.0440725    230.6208210    144.2569929    100.8594611
     660.000     -51.3613250    232.8244728    144.4150192    102.3028270
     670.000     -53.7004593    234.9973108    144.5662757    103.7477390
     680.000     -56.0611712    237.1401507    144.7111400    105.1941312
     690.000     -58.4431649    239.2537776    144.8499642    106.6419416
     700.000     -60.8461519    241.3389477    144.9830766    108.0911115
     710.000     -63.2698514    243.3963896    145.1107837    109.5415851
     720.000     -65.7139896    245.4268052    145.2333719    110.9933101
     730.000     -68.1782997    247.4308714    145.3511090    112.4462364
     740.000     -70.6625214    249.4092410    145.4642457    113.9003169
     750.000     -73.1664010    251.3625437    145.5730168    115.3555068
     760.000     -75.6896908    253.2913871    145.6776425    116.8117634
     770.000     -78.2321492    255.1963580    145.7783292    118.2690465
     780.000     -80.7935402    257.0780228    145.8752709    119.7273175
     790.000     -83.3736337    258.9369288    145.9686499    121.1865400
     800.000     -85.9722047    260.7736049    146.0586373    122.6466792
     810.000     -88.5890335    262.5885623    146.1453946    124.1077020
     820.000     -91.2239052    264.3822952    146.2290735    125.5695769
     830.000     -93.8766102    266.1552818    146.3098170    127.0322737
     840.000     -96.5469432    267.9079847    146.3877602    128.4957639
     850.000     -99.2347038    269.6408515    146.4630301    129.9600200
     860.000    -101.9396956    271.3543158    146.5357471    131.4250160
     870.000    -104.6617268    273.0487973    146.6060246    132.8907268
     880.000    -107.4006096    274.7247026    146.6739700    134.3571287
     890.000    -110.1561603    276.3824259    146.7396848    135.8241988
     900.000    -112.9281988    278.0223490    146.8032651    137.2919153
     910.000    -115.7165491    279.6448422    146.8648018    138.7602573
     920.000    -118.5210388    281.2502647    146.9243813    140.2292048
     930.000    -121.3414987    282.8389649    146.9820852    141.6987386
     940.000    -124.1777634    284.4112808    147.0379911    143.1688405
     950.000    -127.0296708    285.9675405    147.0921725    144.6394927
     960.000    -129.8970618    287.5080627    147.1446994    146.1106784
     970.000    -132.7797806    289.0331567    147.1956381    147.5823814
     980.000    -135.6776745    290.5431231    147.2450518    149.0545861
     990.000    -138.5905936    292.0382537    147.2930004    150.5272776
    1000.000    -141.5183911    293.5188325    147.3395411    152.0004414
                 _
   ___ _ __   __| |
  / _ \ '_ \ / _` |
 |  __/ | | | (_| |
  \___|_| |_|\__,_|

